KRIS
KRIS





1 
2 
3 
19984 
0 
1 
-1218 
1 
1 
1 
0 
10 
2 
0 
0 
0 
0 
0 
0 
0 
0 
0 
0 
0 
0 
0 
0 
0 
0 
0 
0 
0 
0 
0 
0 
0 
0 
0 
0 
0 
0 
0 
0 
0 
0 
0 
0 
0 
0 
0 
0 
0 
0 
0 
0 
0 
0 
0 
0 
0 
0 
0 
0 
0 
0 
0 
0 
0 
0 
0 
0 
240 
240 
17 
2 
0 
0 
26 
27 
34 
0 
16 
0 
0 
1 
0 
0 
0 
0 
0 
0 
0 
5 
-2 
0 
0 
0 
0 
0 
0 
0 
0 
6 
0 
0 
0 
0 
0 
0 
0 
0 
0 
0 
0 
0 
0 
0 
0 
0 
0 
0 
7 
0 
0 
0 
0 
0 
0 
0 
0 
0 
0 
0 
290 
290 
22 
2 
3 
0 
52 
21 
34 
0 
12 
0 
0 
1 
0 
0 
0 
0 
0 
0 
0 
5 
5 
0 
0 
0 
0 
0 
6 
0.2 
0 
6 
0 
0 
0 
0 
0 
0 
0 
0 
0 
0 
0 
0 
0 
0 
0 
0 
0 
0 
4 
11 
13 
0 
0 
0 
0 
0 
0 
0 
0 
0 
210 
210 
15 
2 
14 
0 
37 
30 
34 
0 
6 
0 
2 
1 
0 
0 
0 
0 
0 
0 
0 
6 
2 
0 
0 
0 
0 
0 
0 
0 
0 
6 
0 
0 
0 
0 
0 
0 
0 
0 
0 
0 
0 
0 
0 
0 
0 
0 
0 
0 
3 
2 
12 
0 
0 
0 
0 
0 
0 
0 
0 
0 
90 
90 
3 
1 
11 
0 
12 
14 
22 
0 
0 
0 
0 
1 
0 
0 
0 
0 
0 
0 
0 
2 
0 
0 
0 
0 
0 
0 
0 
0 
0 
3 
1 
0 
0 
0 
0 
0 
0 
0 
0 
0 
0 
0 
0 
0 
0 
0 
0 
0 
2 
8 
9 
0 
0 
0 
0 
0 
0 
0 
0 
0 
100 
100 
100 
42 
1 
11 
25 
62 
2 
34 
32 
33 
13 
42 
0 
1 
0 
1 
0 
65 
0 
41 
0 
41 
0 
41 
0 
999 
0 
18 
7 
31 
50 
53 
23 
54 
34 
24 
33 
50 
33 
23 
9 
25 
15 
14 
52 
2 
51 
5 
50 
1 
50 
19 
50 
9 
9 
3 
8 
0 
11 
0 
25 
0 
25 
0 
26 
0 
2 
0 
8 
0 
8 
0 
13 
0 
10 
0 
0 
0 
0 
0 
0 
0 
0 
0 
0 
0 
0 
0 
0 
0 
0 
0 
0 
0 
0 
0 
0 
0 
0 
0 
0 
0 
0 
0 
0 
0 
0 
0 
0 
0 
0 
0 
0 
0 
0 
0 
0 
0 
0 
0 
0 
0 
0 
3 
29 
1 
1 
11 
38 
33 
39 
3 
24 
41 
25 
2 
1 
28 
0 
38 
63 
2 
1 
2 
37 
39 
33 
34 
34 
9 
22 
22 
62 
22 
22 
62 
61 
61 
34 
34 
2 
34 
12 
0 
0 
0 
0 
0 
0 
0 
0 
0 
0 
0 
0 
0 
0 
0 
0 
0 
0 
0 
0 
0 
0 
0 
0 
0 
0 
0 
0 
0 
0 
0 
0 
0 
250 
17 
3 
0 
1 
7 
6 
20 
10 
10 
16 
0 
5 
201 
8 
0 
0 
0 
0 
0 
0 
0 
0 
0 
0 
0 
0 
0 
0 
0 
0 
0 
0 
0 
0 
0 
0 
1 
1 
1 
0 
0 
0 
1 
0.85 
0.6 
0 
0 
0 
-10 
0 
1 
1 
0 
0 
0 
0 
1 
2 
1 
0 
34 
0 
0 
0 
0 
0 
0 
1 
198 
36 
0 
0 
0 
0 
0 
0 
81.15 
3 
3 
3 
0 
0 
2400.76 
977.278 
0 
0 
0 
0 
0 
0 
0 
48 
0 
0 
0 
0 
0 
0 
0 
0 
0 
0 
0 
0 
0 
0 
0 
0 
0 
0 
0 
0 
0 
0 
0 
0 
0 
0 
0 
0 
0 
0 
0 
0 
0 
0 
0 
1 
2 
0 
1 
1 
1 
0 
1 
1 
1 
1 
0 
0 
1 
0 
1 
1 
1 
1 
1 
1 
2 
1 
1 
0 
0 
1 
1 
1 
1 
1 
1 
1 
1 
1 
1 
0 
1 
1 
1 
1 
1 
0 
0 
0 
0 
0 
0 
0 
0 
0 
0 
0 
0 
0 
0 
0 
0 
0 
0 
2 
0 
0 
0 
0 
0 
0 
0 
0 
0 
0 
0 
0 
0 
2 
0 
2 
2 
0 
0 
0 
0 
0 
0 
0 
0 
2 
0 
0 
0 
0 
0 
0 
0 
0 
0 
0 
0 
0 
0 
0 
1 
1 
1 
0 
0 
1 
0 
0 
1 
1 
2 
1 
0 
1 
1 
1 
1 
1 
0 
0 
0 
1 
0 
11 
20 
1 
0 
0 
12 
0 
4 
0 
1 
1 
0 
0 
1 
0 
2 
1 
7 
0 
0 
1 
0 
0 
1 
0 
1 
1 
1 
1 
1 
1 
0 
0 
0 
0 
0 
0 
0 
2 
2 
156 
1 
0 
0 
0 
1 
0 
0 
1 
0 
0 
0 
0 
1 
0 
1 
0 
0 
0 
0 
0 
0 
0 
0 
0 
0 
1 
9 
0 
0 
0 
1 
1 
0 
0 
0 
0 
0 
2 
1 
1 
0 
0 
2 
1 
9 
1 
0 
0 
1 
0 
0 
0 
0 
0 
3 
1 
0 
0 
0 
2 
1 
0 
0 
0 
1 
0 
0 
0 
1 
0 
0 
0 
0 
0 
1 
1 
0 
0 
1 
1 
1 
1 
0 
0 
0 
1 
0 
1 
0 
0 
0 
1 
1 
3 
2 
1 
1 
1 
0 
0 
0 
0 
1 
1 
0 
1 
1 
0 
1 
1 
1 
1 
1 
1 
1 
0 
1 
1 
1 
1 
1 
2 
1 
0 
1 
1 
1 
0 
1 
1 
1 
1 
1 
1 
1 
2 
0 
0 
0 
0 
0 
0 
1 
1 
1 
0 
1 
0 
1 
0 
0 
1 
1 
1 
1 
1 
0 
0 
0 
0 
0 
1 
1 
1 
76 
0 
1 
1 
0 
1 
1 
0 
1 
2 
1 
1 
1 
1 
1 
0 
0 
0 
1 
1 
1 
2 
0 
0 
0 
1 
0 
0 
1 
2 
0 
0 
0 
1 
0 
1 
1 
0 
1 
0 
1 
0 
0 
0 
0 
0 
0 
0 
0 
0 
0 
0 
0 
0 
0 
0 
0 
0 
0 
0 
0 
0 
0 
0 
0 
0 
0 
0 
0 
0 
0 
1 
2 
1 
1 
0 
1 
1 
1 
1 
0 
7 
0 
0 
0 
1 
0 
0 
0 
0 
0 
0 
0 
0 
0 
0 
3 
2 
2 
2 
2 
2 
2 
2 
2 
3 
2 
0 
2 
2 
2 
2 
2 
2 
2 
0 
3 
2 
2 
2 
2 
2 
2 
2 
0 
0 
0 
0 
0 
0 
0 
0 
0 
0 
0 
0 
0 
0 
0 
0 
0 
2 
2 
0 
0 
0 
0 
0 
0 
0 
0 
2 
2 
3 
3 
2 
2 
2 
2 
0 
3 
0 
2 
2 
2 
0 
0 
0 
0 
0 
0 
0 
0 
0 
0 
0 
1 
1 
0 
0 
0 
0 
1 
0 
1 
1 
1 
0 
0 
0 
0 
0 
0 
1 
1 
0 
0 
0 
0 
0 
0 
1 
1 
1 
1 
1 
1 
1 
0 
0 
0 
1 
0 
1 
0 
1 
0 
0 
0 
0 
0 
0 
0 
0 
0 
1 
1 
1 
1 
1 
1 
1 
1 
1 
1 
1 
1 
1 
1 
1 
1 
1 
1 
1 
1 
1 
1 
1 
1 
0 
0 
0 
0 
0 
0 
0 
0 
0 
0 
0 
0 
0 
0 
0 
0 
0 
0 
0 
0 
0 
0 
0 
0 
0 
0 
0 
0 
1 
0 
0 
0 
2 
0 
0 
0 
3 
1 
1 
1 
1 
1 
1 
0 
1 
1 
0 
0 
1 
1 
0 
0 
0 
1 
1 
1 
1 
0 
2 
2 
2 
168.5 
178 
168 
7 
0 
0 
0 
0 
0 
0 
0 
0 
0 
0 
0 
0 
0 
0 
0 
0 
0 
0 
0 
0 
0 
0 
0 
0 
0 
0 
0 
0 
0 
0 
0 
0 
1 
1 
0 
0 
2 
1 
0 
0 
0 
0 
0 
0 
4 
1 
1 
1 
1 
3 
1 
0 
0 
0 
1 
0 
0 
5 
32 
58 
69 
0 
0 
0 
0 
0 
0 
2 
2 
2 
2 
2 
2 
0 
0 
0 
0 
0 
0 
0 
0 
0 
0 
0 
0 
0 
0 
0 
0 
1 
0 
1 
1 
1 
0 
1 
0 
0 
0 
0 
0 
1 
0 
0 
2 
0 
1 
6 
3 
1 
0 
1 
0 
1 
0 
0 
0 
0 
0 
1 
1 
1 
1 
0 
1 
0 
1 
0 
0 
3 
0 
1 
1 
1120 
240 
2720 
760 
600 
400 
920 
640 
840 
640 
-1 
1 
1 
1 
1 
-1 
1 
0 
1 
0 
0 
0 
0 
2 
1 
0 
0 
0 
0 
0 
1 
0 
0 
0 
2 
1 
0 
0 
1 
0 
0 
3 
1 
0 
1 
1 
0 
0 
0 
0 
0 
0 
0 
0 
1 
1 
0 
0 
0 
0 
0 
0 
0 
0 
0 
1 
0 
0 
0 
0 
0 
0 
0 
0 
0 
0 
1 
0 
0 
0 
0 
0 
0 
0 
0 
0 
0 
0 
0 
0 
0 
0 
0 
0 
0 
0 
0 
0 
0 
0 
0 
0 
0 
0 
0 
0 
0 
0 
0 
0 
0 
0 
0 
0 
0 
0 
0 
0 
0 
0 
0 
0 
0 
0 
0 
0 
1 
0 
1 
1 
4 
0 
1 
0 
0 
6 
36 
36 
36 
0 
0 
0 
1 
0 
1 
0 
0 
0 
0 
6 
0 
1 
1 
2 
1 
1 
1 
0 
0 
0 
0 
4 
0 
0 
1 
1 
0 
1 
1260 
15 
0 
1 
9 
3 
1 
0 
0 
0 
1 
6 
0 
0 
0 
2 
0 
0 
0 
0 
0 
0 
1 
1 
1 
0 
0 
0 
0 
0 
1 
1 
0 
0 
1 
0 
1 
2 
0 
1 
1 
0 
1 
1 
0 
0 
0 
0 
4 
1 
1 
1 
0 
0 
0 
1 
1 
2 
0 
0 
0 
0 
0 
0 
0 
480 
216 
2 
1 
1 
1 
3 
0 
334 
0 
3 
0 
0 
6 
1 
2 
1 
0 
0 
0 
0 
0 
1 
1 
1 
0 
1 
0 
1 
0 
1 
1 
17 
0 
50 
2 
2 
1 
1 
2 
0 
0 
1 
1 
1 
1 
1 
1 
1 
1 
1 
1 
1 
1 
1 
0 
1 
1 
1 
1 
0 
0 
3 
0 
4 
4 
0 
2 
1 
1 
1 
1 
1 
490 
0 
1 
2 
1 
0 
2 
1 
0 
0 
1 
387 
3 
23400 
3 
367 
1 
1 
0 
1 
1 
1 
1 
1 
1 
1 
0 
1 
2 
2 
2 
1 
1 
2 
0 
0 
0 
1 
1 
1 
1 
1 
1 
1 
1 
1 
1 
2 
2 
0 
1 
1 
169 
1 
1 
1 
1 
0 
0 
1 
4 
0 
0 
0 
0 
0 
0 
0 
0 
2 
2 
0 
0 
142 
44 
5 
0 
0 
0 
0 
3 
0 
1 
0 
1 
1 
0 
0 
0 
0 
0 
0 
36 
36 
36 
0 
2 
0 
0 
0 
0 
0 
0 
0 
0 
0 
0 
0 
0 
0 
0 
0 
0 
0 
0 
0 
0 
0 
386 
2 
1 
1 
1 
0 
1 
0 
0 
1 
123358 
0 
6 
1 
6 
1 
1 
17981 
3072 
1 
259 
262142 
1 
0 
2 
0 
0 
1 
2 
2 
1 
0 
0 
3 
2 
2 
2 
1 
1 
1 
0 
0 
2 
0 
1 
1 
0 
0 
1 
1023 
1 
0 
3 
0 
0 
0 
1 
0 
2 
0 
-1 
102408 
1 
1 
21 
3328 
0 
0 
11 
1 
6150 
16367 
0 
1 
1 
0 
0 
0 
0 
0 
0 
1 
3 
0 
105165 
0 
7663 
1 
1 
0 
1 
2 
0 
1 
1 
1 
0 
0 
1 
2 
1 
4 
1 
3 
1 
0 
1 
0 
1 
1 
1 
809 
2 
1 
1 
0 
0 
0 
1 
1 
0 
0 
0 
0 
0 
0 
0 
1 
1 
0 
1 
1 
0 
1 
17 
1 
0 
1 
0 
1 
0 
0 
65278 
0 
0 
0 
0 
0 
0 
2 
1 
1 
0 
0 
100 
100 
1 
1 
0 
1 
0 
0 
3 
0 
0 
1 
0 
0 
0 
0 
0 
2 
2 
3 
2 
2 
2 
0 
2 
0 
2 
2 
0 
2 
0 
2 
0 
0 
0 
0 
0 
0 
0 
0 
0 
0 
0 
0 
0 
0 
0 
2 
2 
1 
0 
0 
1 
0 
1 
0 
1 
1 
2 
0 
2 
1 
1 
1 
0 
1 
0 
1 
0 
0 
231 
346 
3 
0 
0 
1 
1 
1 
1 
1 
0 
0 
1 
0 
1 
1 
0 
0 
0 
0 
1 
1 
0 
1 
1 
1 
1 
0 
0 
0 
1 
1 
1 
1 
0 
0 
14 
0 
1 
1 
1 
0 
0 
1 
0 
1 
1 
0 
2 
9 
0 
0 
1 
1 
1 
27 
0 
0 
1 
0 
6.71073e+07 
26035 
1 
1 
1 
0 
1 
0 
0 
0 
0 
2 
0 
2 
0 
1 
1 
1 
1 
1 
0 
0 
0 
0 
0 
1 
1 
0 
1 
0 
0 
1 
1 
0 
0 
2 
1 
1 
0 
0 
0 
0 
1 
2 
0 
1 
1 
0 
1 
1 
1 
0 
0 
0 
1 
1 
1 
1 
1 
3 
0 
1 
1 
1 
1 
1 
1 
0 
0 
0 
0 
1 
0 
0 
1 
1 
1 
1 
0 
1 
1 
0 
0 
0 
0 
0 
0 
0 
0 
0 
0 
0 
0 
0 
0 
0 
0 
0 
0 
0 
0 
0 
0 
0 
1 
0 
1 
0 
1 
1 
16128 
1 
1 
1 
0 
0 
0 
0 
1 
1 
0 
0 
1 
1 
0 
1 
0 
0 
0 
0 
0 
1024 
0 
0 
0 
0 
0 
0 
1 
1 
0 
1 
1 
1 
1 
1 
1 
517154 
1 
0 
0 
0 
0 
9151 
1 
0 
0 
0 
0 
0 
1357 
300 
0 
2 
1 
7 
1 
1 
1 
1 
0 
5 
0 
0 
1 
2 
1 
0 
22 
167 
259 
1 
1 
0 
1 
1 
1 
3 
0 
0 
0 
0 
1 
0 
0 
0 
2 
2 
3 
3 
2 
2 
2 
2 
2 
2 
0 
2 
2 
0 
0 
3 
2 
2 
3 
0 
0 
0 
0 
1 
0 
0 
0 
0 
0 
0 
1 
1 
1 
1 
1 
1 
1 
6 
1031 
1 
0 
0 
0 
2 
1 
0 
0 
1 
1 
1 
1 
1 
1 
1 
1 
1 
1 
0 
65 
2 
1 
1 
1 
260 
16586 
37 
4 
0 
0 
0 
2 
0 
0 
0 
0 
1 
5461 
1 
563.1 
46 
0 
0 
1 
0 
0 
0 
0 
0 
1 
1 
1 
0 
1 
0 
0 
1 
1 
0 
23 
0 
0 
0 
1 
0 
325 
424 
1 
0 
1 
2 
0 
56335 
2056 
2056 
0 
0 
1 
0 
0 
0 
1 
2 
0 
0 
1095 
1043 
0 
1 
2 
1 
0 
0 
0 
0 
0 
0 
0 
0 
0 
0 
0 
0 
0 
0 
0 
0 
0 
0 
0 
0 
0 
0 
0 
0 
0 
0 
0 
0 
0 
0 
0 
0 
0 
0 
0 
0 
0 
0 
0 
0 
0 
0 
0 
0 
0 
0 
0 
0 
0 
0 
0 
0 
0 
0 
0 
0 
0 
0 
0 
0 
0 
0 
0 
0 
0 
0 
0 
0 
0 
0 
0 
0 
0 
0 
0 
0 
0 
0 
0 
0 
0 
0 
0 
0 
0 
0 
0 
0 
0 
0 
0 
0 
0 
0 
0 
0 
0 
0 
0 
0 
0 
0 
0 
0 
0 
0 
0 
0 
0 
0 
0 
0 
0 
0 
0 
0 
0 
0 
0 
0 
0 
0 
0 
0 
0 
0 
0 
0 
0 
0 
0 
0 
0 
0 
0 
0 
0 
0 
0 
0 
0 
0 
0 
0 
0 
0 
0 
0 
0 
0 
0 
0 
0 
0 
0 
0 
0 
0 
0 
0 
0 
0 
0 
0 
0 
0 
0 
0 
0 
0 
0 
0 
0 
0 
0 
0 
0 
0 
0 
0 
0 
0 
0 
0 
0 
0 
0 
0 
0 
0 
0 
0 
0 
0 
0 
0 
0 
0 
0 
0 
0 
0 
0 
0 
0 
0 
0 
0 
0 
0 
0 
0 
0 
0 
0 
0 
0 
0 
0 
0 
0 
0 
0 
0 
0 
0 
0 
0 
0 
0 
0 
0 
0 
0 
0 
0 
0 
0 
0 
0 
0 
0 
0 
0 
0 
0 
0 
0 
0 
0 
0 
0 
0 
0 
0 
0 
0 
0 
0 
0 
0 
0 
0 
0 
0 
0 
0 
0 
0 
0 
0 
0 
0 
0 
0 
0 
0 
0 
0 
0 
0 
0 
0 
0 
0 
0 
0 
0 
0 
0 
0 
0 
0 
0 
0 
0 
0 
0 
0 
0 
0 
0 
0 
0 
0 
0 
0 
0 
0 
0 
0 
0 
0 
0 
0 
0 
0 
0 
0 
0 
0 
0 
0 
0 
0 
0 
0 
0 
0 
0 
0 
0 
0 
0 
0 
0 
0 
0 
0 
0 
0 
0 
0 
0 
0 
0 
0 
0 
0 
0 
0 
0 
0 
0 
0 
0 
0 
0 
0 
0 
0 
0 
0 
0 
0 
0 
0 
0 
0 
0 
0 
0 
0 
0 
0 
0 
0 
0 
0 
0 
0 
0 
0 
0 
0 
0 
0 
0 
0 
0 
0 
0 
0 
0 
0 
0 
0 
0 
0 
0 
0 
0 
0 
0 
0 
0 
0 
0 
0 
0 
0 
0 
0 
0 
0 
0 
0 
0 
0 
0 
0 
0 
0 
0 
0 
0 
0 
0 
0 
0 
0 
0 
0 
0 
0 
0 
0 
0 
0 
0 
0 
0 
0 
0 
0 
0 
0 
0 
0 
0 
0 
0 
0 
0 
0 
0 
0 
0 
0 
0 
0 
0 
0 
0 
0 
0 
0 
0 
0 
0 
0 
0 
0 
0 
0 
0 
0 
0 
0 
0 
0 
0 
0 
0 
0 
0 
0 
0 
0 
0 
0 
0 
0 
0 
0 
0 
0 
0 
0 
0 
0 
0 
0 
0 
0 
0 
0 
0 
0 
0 
0 
0 
0 
0 
0 
0 
0 
0 
0 
0 
0 
0 
0 
0 
0 
0 
0 
0 
0 
0 
0 
0 
0 
0 
0 
0 
0 
0 
0 
0 
0 
0 
0 
0 
0 
0 
0 
0 
0 
0 
0 
0 
0 
0 
0 
0 
0 
0 
0 
0 
0 
0 
0 
0 
0 
0 
0 
0 
0 
0 
0 
0 
0 
0 
0 
0 
0 
0 
0 
0 
0 
0 
0 
0 
0 
0 
0 
0 
0 
0 
473 
50163 
1.80287e+06 