KRIS
KRIS





1 
2 
3 
18782 
0 
1 
-78 
1 
1 
1 
0 
10 
2 
0 
0 
0 
0 
0 
0 
0 
0 
0 
0 
0 
0 
0 
0 
0 
0 
0 
0 
0 
0 
0 
0 
0 
0 
0 
0 
0 
0 
0 
0 
0 
0 
0 
0 
0 
0 
0 
0 
0 
0 
0 
0 
0 
0 
0 
0 
0 
0 
0 
0 
0 
0 
0 
0 
0 
0 
0 
0 
240 
240 
17 
2 
0 
0 
26 
23 
34 
0 
16 
0 
0 
1 
0 
0 
0 
0 
0 
0 
0 
5 
0 
0 
0 
0 
0 
0 
5 
0.66 
0 
6 
0 
0 
0 
0 
0 
0 
0 
0 
0 
0 
0 
0 
0 
0 
0 
0 
0 
0 
7 
0 
0 
0 
0 
0 
0 
0 
0 
0 
0 
0 
290 
290 
22 
2 
3 
0 
52 
21 
34 
0 
12 
0 
0 
1 
0 
0 
0 
0 
0 
0 
0 
5 
5 
0 
0 
0 
0 
0 
6 
0.2 
0 
6 
0 
0 
0 
0 
0 
0 
0 
0 
0 
0 
0 
0 
0 
0 
0 
0 
0 
0 
4 
11 
13 
0 
0 
0 
0 
0 
0 
0 
0 
0 
210 
210 
15 
2 
14 
0 
37 
30 
7 
0 
6 
0 
2 
1 
0 
0 
0 
0 
0 
0 
0 
6 
2 
0 
0 
0 
0 
0 
0 
0 
2 
2 
2 
0 
0 
0 
0 
0 
0 
0 
0 
0 
0 
0 
0 
0 
0 
0 
0 
0 
3 
2 
12 
0 
0 
0 
0 
0 
0 
0 
0 
0 
90 
90 
3 
1 
11 
0 
12 
14 
22 
0 
0 
0 
0 
1 
0 
0 
0 
0 
0 
0 
0 
2 
0 
0 
0 
0 
0 
0 
0 
0 
0 
3 
1 
0 
0 
0 
0 
0 
0 
0 
0 
0 
0 
0 
0 
0 
0 
0 
0 
0 
2 
8 
9 
0 
0 
0 
0 
0 
0 
0 
0 
0 
100 
100 
100 
13 
1 
12 
25 
11 
2 
11 
0 
62 
0 
2 
0 
34 
0 
33 
0 
34 
0 
7 
0 
0 
0 
0 
0 
0 
0 
18 
34 
31 
50 
53 
27 
54 
34 
24 
33 
50 
33 
23 
9 
25 
15 
14 
52 
2 
51 
5 
50 
1 
50 
19 
50 
9 
9 
3 
8 
0 
11 
0 
25 
0 
25 
0 
26 
0 
2 
0 
8 
0 
8 
0 
13 
0 
10 
0 
0 
0 
0 
0 
0 
0 
0 
0 
0 
0 
0 
0 
0 
0 
0 
0 
0 
0 
0 
0 
0 
0 
0 
0 
0 
0 
0 
0 
0 
0 
0 
0 
0 
0 
0 
0 
0 
0 
0 
0 
0 
0 
0 
0 
0 
0 
0 
3 
29 
1 
1 
34 
38 
33 
39 
3 
24 
1 
25 
2 
1 
28 
1 
38 
63 
2 
1 
2 
37 
39 
33 
34 
34 
9 
22 
22 
62 
22 
22 
62 
61 
61 
34 
42 
2 
42 
41 
0 
0 
0 
0 
0 
0 
0 
0 
0 
0 
0 
0 
0 
0 
0 
0 
0 
0 
0 
0 
0 
0 
0 
0 
0 
0 
0 
0 
0 
0 
0 
0 
0 
250 
17 
3 
0 
1 
7 
6 
20 
10 
10 
16 
0 
5 
201 
8 
0 
0 
0 
0 
0 
0 
0 
0 
0 
0 
0 
0 
0 
0 
0 
0 
0 
0 
0 
0 
0 
0 
1 
1 
1 
0 
0 
0 
1 
0.85 
0.6 
0 
0 
0 
-10 
0 
1 
1 
0 
0 
0 
0 
1 
2 
1 
0 
59 
0 
0 
0 
0 
0 
0 
1 
193 
34 
0 
0 
0 
0 
0 
0 
199.133 
2 
2 
2 
0 
0 
1376 
400 
0 
0 
0 
0 
0 
0 
0 
48 
0 
0 
0 
0 
0 
0 
0 
0 
0 
0 
0 
0 
0 
0 
0 
0 
0 
0 
0 
0 
0 
0 
0 
0 
0 
0 
0 
0 
0 
0 
0 
0 
0 
0 
0 
1 
2 
0 
1 
1 
1 
0 
1 
1 
1 
1 
0 
0 
1 
0 
1 
1 
1 
1 
1 
1 
2 
1 
1 
0 
0 
1 
1 
1 
1 
1 
1 
1 
1 
1 
1 
0 
1 
1 
1 
1 
1 
0 
0 
0 
0 
0 
0 
0 
0 
0 
0 
0 
0 
0 
0 
0 
0 
0 
0 
2 
0 
0 
0 
0 
0 
0 
0 
0 
0 
0 
0 
0 
0 
2 
0 
2 
2 
0 
0 
0 
0 
0 
0 
0 
0 
2 
0 
0 
0 
0 
0 
0 
0 
0 
0 
0 
0 
0 
0 
0 
1 
1 
1 
0 
0 
1 
0 
0 
1 
1 
2 
1 
0 
1 
1 
1 
1 
1 
0 
0 
0 
1 
0 
11 
20 
1 
0 
0 
12 
0 
4 
0 
1 
1 
0 
0 
1 
0 
2 
1 
7 
0 
0 
1 
0 
0 
1 
0 
1 
1 
1 
1 
1 
1 
0 
0 
0 
0 
0 
0 
0 
2 
2 
156 
1 
0 
0 
0 
1 
0 
0 
1 
0 
0 
0 
0 
1 
0 
1 
0 
0 
0 
0 
0 
0 
0 
0 
0 
0 
1 
9 
0 
0 
0 
1 
1 
0 
0 
0 
0 
0 
2 
1 
1 
0 
0 
2 
1 
9 
1 
0 
0 
1 
0 
0 
0 
0 
0 
3 
1 
0 
0 
0 
2 
1 
0 
0 
0 
1 
0 
0 
0 
1 
0 
0 
0 
0 
0 
1 
1 
0 
0 
1 
1 
1 
1 
0 
0 
0 
1 
0 
1 
0 
0 
0 
1 
1 
3 
2 
1 
1 
1 
0 
0 
0 
0 
1 
1 
0 
1 
1 
0 
1 
1 
1 
1 
1 
1 
1 
0 
1 
1 
1 
1 
1 
2 
1 
0 
1 
1 
1 
0 
1 
1 
1 
1 
1 
1 
1 
2 
0 
0 
0 
0 
0 
0 
1 
1 
1 
0 
1 
0 
1 
0 
0 
1 
1 
1 
1 
1 
0 
0 
0 
0 
0 
1 
1 
1 
76 
0 
1 
1 
0 
1 
1 
0 
1 
2 
1 
1 
1 
1 
1 
0 
0 
0 
1 
1 
1 
2 
0 
0 
0 
1 
0 
0 
1 
2 
0 
0 
0 
1 
0 
1 
1 
0 
1 
0 
1 
0 
0 
0 
0 
0 
0 
0 
0 
0 
0 
0 
0 
0 
0 
0 
0 
0 
0 
0 
0 
0 
0 
0 
0 
0 
0 
0 
0 
0 
0 
1 
2 
1 
1 
0 
1 
1 
1 
1 
0 
7 
0 
0 
0 
1 
0 
0 
0 
0 
0 
0 
0 
0 
0 
0 
3 
2 
2 
2 
2 
2 
2 
2 
2 
3 
2 
0 
2 
2 
2 
2 
2 
2 
2 
0 
3 
2 
2 
2 
2 
2 
2 
2 
0 
0 
0 
0 
0 
0 
0 
0 
0 
0 
0 
0 
0 
0 
0 
0 
0 
2 
2 
0 
0 
0 
0 
0 
0 
0 
0 
2 
2 
3 
3 
2 
2 
2 
2 
0 
3 
0 
2 
2 
2 
0 
0 
0 
0 
0 
0 
0 
0 
0 
0 
0 
1 
1 
0 
0 
0 
0 
1 
0 
1 
1 
1 
0 
0 
0 
0 
0 
0 
1 
1 
0 
0 
0 
0 
0 
0 
1 
1 
1 
1 
1 
1 
1 
0 
0 
0 
1 
0 
1 
0 
1 
0 
0 
0 
0 
0 
0 
0 
0 
0 
1 
1 
1 
1 
1 
1 
1 
1 
1 
1 
1 
1 
1 
1 
1 
1 
1 
0 
1 
0.666667 
1 
1 
1 
1 
0 
0 
0 
0 
0 
0 
0 
0 
0 
0 
0 
0 
0 
0 
0 
0 
0 
0 
0 
0 
0 
0 
0 
0 
0 
0 
0 
0 
1 
0 
0 
0 
2 
0 
0 
0 
3 
1 
1 
1 
1 
1 
1 
0 
1 
1 
0 
0 
1 
1 
0 
0 
0 
1 
1 
1 
1 
0 
2 
2 
2 
168.5 
178 
168 
7 
0 
0 
0 
0 
0 
0 
0 
0 
0 
0 
0 
0 
0 
0 
0 
0 
0 
0 
0 
0 
0 
0 
0 
0 
0 
0 
0 
0 
0 
0 
0 
0 
1 
1 
0 
0 
2 
1 
0 
0 
0 
0 
0 
0 
4 
1 
1 
1 
1 
3 
1 
0 
0 
0 
1 
0 
0 
5 
32 
58 
69 
0 
0 
0 
0 
0 
0 
2 
2 
2 
2 
2 
2 
0 
0 
0 
0 
0 
0 
0 
0 
0 
0 
0 
0 
0 
0 
0 
0 
1 
0 
1 
1 
1 
0 
1 
0 
0 
0 
0 
0 
1 
0 
0 
2 
0 
1 
6 
3 
1 
0 
1 
0 
1 
0 
0 
0 
0 
0 
1 
1 
1 
1 
0 
1 
0 
1 
0 
0 
3 
0 
1 
1 
1120 
240 
2720 
760 
600 
400 
920 
640 
840 
640 
-1 
1 
1 
1 
1 
-1 
1 
0 
1 
0 
0 
0 
0 
2 
1 
0 
0 
0 
0 
0 
1 
0 
0 
0 
2 
1 
0 
0 
1 
0 
0 
3 
1 
0 
1 
1 
0 
0 
0 
0 
0 
0 
0 
0 
1 
1 
0 
0 
0 
0 
0 
0 
0 
0 
0 
1 
0 
0 
0 
0 
0 
0 
0 
0 
0 
0 
1 
0 
0 
0 
0 
0 
0 
0 
0 
0 
0 
0 
0 
0 
0 
0 
0 
0 
0 
0 
0 
0 
0 
0 
0 
0 
0 
0 
0 
0 
0 
0 
0 
0 
0 
0 
0 
0 
0 
0 
0 
0 
0 
0 
0 
0 
0 
0 
0 
0 
1 
0 
1 
1 
4 
0 
1 
0 
0 
6 
36 
36 
36 
0 
0 
0 
1 
0 
1 
0 
0 
0 
0 
6 
0 
1 
1 
2 
1 
1 
1 
0 
0 
0 
0 
4 
0 
0 
1 
1 
0 
1 
1260 
15 
0 
1 
9 
3 
1 
0 
0 
0 
1 
6 
0 
0 
0 
2 
0 
0 
0 
0 
0 
0 
1 
1 
1 
0 
0 
0 
0 
0 
1 
1 
0 
0 
1 
0 
1 
2 
0 
1 
1 
0 
1 
1 
0 
0 
0 
0 
4 
1 
1 
1 
0 
0 
0 
1 
1 
2 
0 
0 
0 
0 
0 
0 
0 
480 
216 
2 
1 
1 
1 
3 
0 
334 
0 
3 
0 
0 
6 
1 
2 
1 
0 
0 
0 
0 
0 
1 
1 
1 
0 
1 
0 
1 
0 
1 
1 
17 
0 
50 
2 
2 
1 
1 
2 
0 
0 
1 
1 
1 
1 
1 
1 
1 
1 
1 
1 
1 
1 
1 
0 
1 
1 
1 
1 
0 
0 
3 
0 
4 
4 
0 
2 
1 
1 
1 
1 
1 
490 
0 
1 
2 
1 
0 
2 
1 
0 
0 
1 
387 
3 
23400 
3 
367 
1 
1 
0 
1 
1 
1 
1 
1 
1 
1 
0 
1 
2 
2 
2 
1 
1 
2 
0 
0 
0 
1 
1 
1 
1 
1 
1 
1 
1 
1 
1 
2 
2 
0 
1 
1 
169 
1 
1 
1 
1 
0 
0 
1 
4 
0 
0 
0 
0 
0 
0 
0 
0 
2 
2 
0 
0 
142 
44 
5 
0 
0 
0 
0 
3 
0 
1 
0 
1 
1 
0 
0 
0 
0 
0 
0 
36 
36 
36 
0 
2 
0 
0 
0 
0 
0 
0 
0 
0 
0 
0 
0 
0 
0 
0 
0 
0 
0 
0 
0 
0 
0 
384 
2 
1 
1 
0 
0 
1 
0 
0 
0 
123358 
0 
10 
1 
6 
1 
1 
17981 
0 
1 
3 
262142 
1 
0 
2 
0 
0 
1 
2 
2 
1 
0 
0 
3 
2 
2 
2 
1 
1 
1 
0 
0 
2 
0 
1 
1 
0 
0 
1 
1023 
1 
0 
3 
0 
0 
0 
1 
0 
2 
0 
-1 
4100 
1 
1 
21 
3328 
0 
0 
11 
1 
6150 
16367 
0 
1 
1 
0 
0 
0 
0 
0 
0 
1 
3 
0 
103117 
0 
7663 
1 
1 
0 
1 
2 
0 
1 
1 
1 
0 
0 
1 
0 
0 
4 
1 
3 
1 
0 
1 
0 
1 
1 
1 
571 
2 
1 
1 
0 
0 
0 
1 
1 
0 
0 
0 
0 
0 
0 
0 
1 
1 
0 
1 
1 
0 
1 
17 
1 
0 
1 
0 
1 
0 
0 
65278 
0 
0 
0 
0 
0 
0 
0 
1 
1 
0 
0 
100 
100 
1 
1 
0 
1 
0 
0 
3 
0 
0 
1 
0 
0 
0 
0 
0 
2 
2 
0 
2 
2 
2 
0 
2 
0 
2 
2 
0 
2 
0 
2 
0 
0 
0 
0 
0 
0 
0 
0 
0 
0 
0 
0 
0 
0 
0 
2 
2 
1 
0 
0 
1 
0 
1 
0 
1 
1 
2 
0 
2 
1 
1 
1 
0 
1 
0 
1 
0 
0 
231 
346 
3 
0 
0 
1 
1 
1 
1 
1 
0 
0 
1 
0 
1 
1 
0 
0 
0 
0 
1 
1 
0 
1 
1 
1 
1 
0 
0 
0 
1 
1 
1 
1 
0 
0 
14 
0 
1 
1 
1 
0 
0 
1 
0 
1 
1 
0 
2 
9 
0 
0 
1 
1 
1 
27 
0 
0 
1 
0 
6.71073e+07 
26035 
1 
1 
1 
0 
1 
0 
0 
0 
0 
2 
0 
2 
0 
1 
1 
1 
1 
1 
0 
0 
0 
0 
0 
1 
1 
0 
1 
0 
0 
1 
1 
0 
0 
2 
1 
1 
0 
0 
0 
0 
1 
2 
0 
1 
1 
0 
1 
1 
1 
0 
0 
0 
1 
1 
1 
1 
1 
3 
0 
1 
1 
1 
1 
1 
1 
0 
0 
0 
0 
1 
0 
0 
1 
1 
1 
1 
0 
1 
1 
0 
0 
0 
0 
0 
0 
0 
0 
0 
0 
0 
0 
0 
0 
0 
0 
0 
0 
0 
0 
0 
0 
0 
1 
0 
1 
0 
1 
1 
16128 
1 
1 
1 
0 
0 
0 
0 
1 
1 
0 
0 
0 
0 
0 
1 
0 
0 
0 
0 
0 
1024 
0 
0 
0 
0 
0 
0 
1 
1 
0 
1 
1 
1 
1 
1 
1 
1058 
0 
0 
0 
0 
0 
9151 
1 
0 
0 
0 
0 
0 
333 
300 
0 
2 
1 
7 
1 
1 
1 
1 
0 
5 
0 
0 
1 
2 
1 
0 
22 
167 
259 
1 
1 
0 
1 
1 
1 
3 
0 
0 
0 
0 
1 
0 
0 
0 
2 
2 
3 
3 
2 
2 
2 
2 
2 
2 
0 
2 
2 
0 
0 
3 
2 
2 
3 
0 
0 
0 
0 
1 
0 
0 
0 
0 
0 
0 
1 
1 
1 
1 
1 
0 
0 
6 
0 
1 
0 
0 
0 
2 
1 
0 
0 
1 
1 
1 
1 
1 
1 
1 
1 
1 
1 
0 
65 
2 
1 
1 
1 
260 
0 
0 
0 
0 
0 
0 
2 
0 
0 
0 
0 
1 
341 
1 
0 
0 
0 
0 
1 
0 
0 
0 
0 
0 
1 
1 
1 
0 
1 
0 
0 
0 
1 
0 
3 
0 
0 
0 
1 
0 
325 
424 
1 
0 
1 
2 
0 
56335 
8 
8 
0 
0 
0 
0 
0 
0 
1 
0 
0 
0 
705 
684 
0 
0 
0 
1 
0 
0 
0 
0 
0 
0 
0 
0 
0 
0 
0 
0 
0 
0 
0 
0 
0 
0 
0 
0 
0 
0 
0 
0 
0 
0 
0 
0 
0 
0 
0 
0 
0 
0 
0 
0 
0 
0 
0 
0 
0 
0 
0 
0 
0 
0 
0 
0 
0 
0 
0 
0 
0 
0 
0 
0 
0 
0 
0 
0 
0 
0 
0 
0 
0 
0 
0 
0 
0 
0 
0 
0 
0 
0 
0 
0 
0 
0 
0 
0 
0 
0 
0 
0 
0 
0 
0 
0 
0 
0 
0 
0 
0 
0 
0 
0 
0 
0 
0 
0 
0 
0 
0 
0 
0 
0 
0 
0 
0 
0 
0 
0 
0 
0 
0 
0 
0 
0 
0 
0 
0 
0 
0 
0 
0 
0 
0 
0 
0 
0 
0 
0 
0 
0 
0 
0 
0 
0 
0 
0 
0 
0 
0 
0 
0 
0 
0 
0 
0 
0 
0 
0 
0 
0 
0 
0 
0 
0 
0 
0 
0 
0 
0 
0 
0 
0 
0 
0 
0 
0 
0 
0 
0 
0 
0 
0 
0 
0 
0 
0 
0 
0 
0 
0 
0 
0 
0 
0 
0 
0 
0 
0 
0 
0 
0 
0 
0 
0 
0 
0 
0 
0 
0 
0 
0 
0 
0 
0 
0 
0 
0 
0 
0 
0 
0 
0 
0 
0 
0 
0 
0 
0 
0 
0 
0 
0 
0 
0 
0 
0 
0 
0 
0 
0 
0 
0 
0 
0 
0 
0 
0 
0 
0 
0 
0 
0 
0 
0 
0 
0 
0 
0 
0 
0 
0 
0 
0 
0 
0 
0 
0 
0 
0 
0 
0 
0 
0 
0 
0 
0 
0 
0 
0 
0 
0 
0 
0 
0 
0 
0 
0 
0 
0 
0 
0 
0 
0 
0 
0 
0 
0 
0 
0 
0 
0 
0 
0 
0 
0 
0 
0 
0 
0 
0 
0 
0 
0 
0 
0 
0 
0 
0 
0 
0 
0 
0 
0 
0 
0 
0 
0 
0 
0 
0 
0 
0 
0 
0 
0 
0 
0 
0 
0 
0 
0 
0 
0 
0 
0 
0 
0 
0 
0 
0 
0 
0 
0 
0 
0 
0 
0 
0 
0 
0 
0 
0 
0 
0 
0 
0 
0 
0 
0 
0 
0 
0 
0 
0 
0 
0 
0 
0 
0 
0 
0 
0 
0 
0 
0 
0 
0 
0 
0 
0 
0 
0 
0 
0 
0 
0 
0 
0 
0 
0 
0 
0 
0 
0 
0 
0 
0 
0 
0 
0 
0 
0 
0 
0 
0 
0 
0 
0 
0 
0 
0 
0 
0 
0 
0 
0 
0 
0 
0 
0 
0 
0 
0 
0 
0 
0 
0 
0 
0 
0 
0 
0 
0 
0 
0 
0 
0 
0 
0 
0 
0 
0 
0 
0 
0 
0 
0 
0 
0 
0 
0 
0 
0 
0 
0 
0 
0 
0 
0 
0 
0 
0 
0 
0 
0 
0 
0 
0 
0 
0 
0 
0 
0 
0 
0 
0 
0 
0 
0 
0 
0 
0 
0 
0 
0 
0 
0 
0 
0 
0 
0 
0 
0 
0 
0 
0 
0 
0 
0 
0 
0 
0 
0 
0 
0 
0 
0 
0 
0 
0 
0 
0 
0 
0 
0 
0 
0 
0 
0 
0 
0 
0 
0 
0 
0 
0 
0 
0 
0 
0 
0 
0 
0 
0 
0 
0 
0 
0 
0 
0 
0 
0 
0 
0 
0 
0 
0 
0 
0 
0 
0 
0 
0 
0 
0 
0 
0 
0 
0 
0 
0 
0 
0 
0 
0 
0 
0 
0 
0 
0 
0 
0 
0 
0 
0 
0 
0 
0 
0 
0 
0 
0 
0 
0 
0 
0 
440 
50228 
1.68011e+06 