KRIS
KRIS





1 
0 
0 
14753 
0 
1 
-3683 
1 
1 
0 
0 
10 
2 
0 
0 
0 
0 
0 
0 
0 
0 
0 
0 
0 
0 
0 
0 
0 
0 
0 
0 
0 
0 
0 
0 
0 
0 
0 
0 
0 
0 
0 
0 
0 
0 
0 
0 
0 
0 
0 
0 
0 
0 
0 
0 
0 
0 
0 
0 
0 
0 
0 
0 
0 
0 
0 
0 
0 
0 
0 
0 
200 
200 
17 
2 
0 
0 
26 
50 
53 
0 
16 
0 
0 
1 
0 
0 
0 
0 
0 
0 
0 
4 
0 
0 
0 
0 
0 
0 
0 
0 
2 
4 
0 
0 
0 
0 
0 
0 
0 
0 
0 
0 
0 
0 
0 
0 
0 
0 
0 
0 
7 
0 
0 
0 
0 
0 
0 
0 
0 
0 
0 
0 
230 
230 
22 
2 
7 
0 
54 
23 
21 
0 
8 
0 
0 
1 
0 
0 
0 
0 
0 
0 
0 
4 
0 
0 
0 
0 
0 
0 
5 
0.66 
0 
5 
5 
0 
0 
0 
0 
0 
6 
0.4 
0 
0 
0 
0 
0 
0 
0 
0 
0 
0 
4 
11 
0 
0 
0 
0 
0 
0 
0 
0 
0 
0 
180 
180 
15 
2 
14 
0 
25 
7 
50 
0 
4 
0 
1 
1 
0 
0 
0 
0 
0 
0 
2 
2 
2 
0 
0 
0 
0 
0 
0 
0 
0 
4 
0 
0 
0 
0 
0 
0 
0 
0 
0 
0 
0 
0 
0 
0 
0 
0 
0 
0 
3 
2 
0 
0 
0 
0 
0 
0 
0 
0 
0 
0 
90 
90 
3 
1 
11 
0 
12 
14 
22 
0 
0 
0 
0 
1 
0 
0 
0 
0 
0 
0 
0 
2 
0 
0 
0 
0 
0 
0 
0 
0 
0 
3 
1 
0 
0 
0 
0 
0 
0 
0 
0 
0 
0 
0 
0 
0 
0 
0 
0 
0 
2 
8 
9 
0 
0 
0 
0 
0 
0 
0 
0 
0 
100 
100 
100 
13 
1 
34 
31 
8 
13 
9 
30 
61 
2 
1 
0 
62 
0 
2 
0 
62 
0 
61 
0 
62 
0 
34 
0 
999 
0 
52 
50 
23 
9 
24 
52 
53 
5 
18 
50 
2 
9 
14 
2 
1 
10 
19 
11 
9 
10 
3 
0 
0 
0 
0 
0 
0 
0 
0 
0 
0 
0 
0 
0 
0 
0 
0 
0 
0 
0 
0 
0 
0 
0 
0 
0 
0 
0 
0 
0 
0 
0 
0 
0 
0 
0 
0 
0 
0 
0 
0 
0 
0 
0 
0 
0 
0 
0 
0 
0 
0 
0 
0 
0 
0 
0 
0 
0 
0 
0 
0 
0 
0 
0 
0 
0 
0 
0 
0 
0 
0 
0 
0 
0 
0 
0 
27 
8 
1 
16 
18 
19 
33 
30 
3 
24 
1 
1 
2 
16 
34 
3 
34 
1 
2 
37 
39 
36 
61 
61 
61 
62 
62 
62 
2 
0 
0 
0 
0 
0 
0 
0 
0 
0 
0 
0 
0 
0 
0 
0 
0 
0 
0 
0 
0 
0 
0 
0 
0 
0 
0 
0 
0 
0 
0 
0 
0 
0 
0 
0 
0 
0 
0 
0 
0 
0 
0 
0 
0 
250 
18 
3 
0 
1 
7 
7 
20 
10 
10 
1 
0 
5 
201 
11 
0 
8 
0 
17 
0 
0 
0 
0 
0 
0 
0 
0 
0 
0 
0 
0 
0 
0 
0 
0 
0 
0 
2 
1 
1 
0 
0 
0 
1 
0.85 
0.6 
0 
0 
1 
-10 
0 
1 
0 
0 
0 
0 
0 
1 
2 
1 
0 
31 
0 
0 
0 
0 
0 
0 
1 
184 
36 
0 
0 
0 
0 
0 
0 
44.8667 
2 
2 
2 
2 
177 
836.5 
194 
0 
0 
0 
0 
0 
0 
0 
36 
0 
0 
0 
0 
0 
0 
0 
0 
0 
0 
0 
0 
0 
0 
0 
0 
0 
0 
0 
0 
0 
0 
0 
0 
0 
0 
0 
0 
0 
0 
0 
0 
0 
0 
0 
1 
2 
0 
1 
1 
1 
0 
1 
1 
1 
1 
0 
0 
1 
0 
1 
1 
1 
1 
1 
1 
2 
1 
1 
0 
0 
1 
1 
1 
1 
1 
1 
1 
1 
1 
1 
0 
1 
1 
1 
1 
1 
0 
0 
0 
0 
0 
0 
0 
0 
0 
0 
0 
0 
0 
0 
0 
0 
0 
0 
2 
0 
0 
0 
0 
0 
0 
0 
0 
0 
0 
0 
0 
0 
2 
0 
2 
0 
0 
0 
0 
0 
0 
0 
0 
0 
2 
0 
0 
0 
0 
0 
0 
0 
0 
0 
0 
0 
0 
0 
0 
1 
1 
1 
0 
0 
1 
0 
0 
1 
1 
2 
1 
0 
1 
1 
1 
1 
1 
0 
0 
0 
1 
0 
11 
20 
1 
0 
0 
12 
0 
4 
0 
1 
1 
0 
0 
1 
0 
2 
1 
7 
0 
0 
1 
0 
0 
1 
0 
1 
1 
1 
1 
1 
1 
0 
0 
0 
0 
0 
0 
0 
2 
2 
156 
1 
0 
0 
0 
1 
0 
0 
1 
0 
0 
0 
0 
1 
0 
1 
0 
0 
0 
0 
0 
0 
0 
0 
0 
0 
1 
9 
0 
0 
0 
1 
1 
0 
0 
0 
0 
0 
2 
1 
1 
0 
0 
2 
0 
9 
1 
0 
1 
1 
0 
0 
0 
0 
0 
3 
1 
0 
0 
0 
2 
1 
0 
0 
0 
1 
0 
0 
0 
1 
0 
0 
0 
0 
0 
1 
1 
0 
0 
1 
1 
1 
1 
0 
0 
0 
1 
0 
1 
2 
0 
0 
1 
1 
3 
2 
1 
1 
1 
0 
0 
0 
0 
1 
1 
0 
1 
1 
0 
1 
1 
1 
1 
1 
1 
1 
0 
1 
1 
1 
1 
1 
2 
1 
0 
1 
1 
1 
0 
1 
1 
1 
1 
1 
1 
1 
2 
0 
0 
0 
0 
0 
0 
1 
1 
1 
0 
0 
0 
1 
0 
0 
1 
1 
1 
1 
1 
0 
0 
0 
0 
0 
5 
1 
1 
76 
0 
1 
1 
0 
1 
1 
0 
3 
2 
1 
1 
1 
1 
1 
1 
0 
0 
1 
1 
1 
2 
0 
0 
0 
1 
0 
0 
1 
2 
0 
0 
0 
1 
0 
1 
1 
0 
1 
0 
1 
0 
0 
0 
0 
0 
0 
0 
0 
0 
0 
0 
0 
0 
0 
0 
0 
0 
0 
0 
0 
0 
0 
0 
0 
0 
0 
0 
0 
0 
0 
1 
2 
1 
1 
0 
1 
1 
1 
1 
6 
6 
0 
0 
1 
0 
0 
0 
0 
0 
0 
0 
0 
0 
0 
0 
3 
3 
2 
2 
2 
2 
2 
2 
2 
3 
2 
0 
2 
2 
2 
2 
2 
2 
2 
0 
3 
2 
2 
2 
2 
2 
2 
2 
0 
0 
0 
0 
0 
0 
0 
0 
0 
0 
0 
0 
0 
0 
0 
0 
0 
2 
2 
0 
0 
0 
0 
0 
0 
0 
0 
2 
2 
3 
2 
2 
2 
3 
2 
0 
0 
2 
2 
2 
2 
0 
0 
0 
0 
0 
0 
0 
0 
0 
0 
0 
1 
1 
0 
0 
0 
0 
1 
0 
1 
1 
1 
0 
0 
0 
0 
0 
0 
1 
1 
0 
0 
0 
0 
0 
0 
1 
1 
1 
1 
1 
1 
1 
0 
0 
0 
1 
0 
1 
0 
1 
0 
0 
0 
0 
0 
0 
0 
0 
0 
1 
1 
1 
1 
1 
1 
1 
1 
1 
1 
1 
1 
1 
1 
1 
1 
0 
0 
0 
0 
0 
0 
0 
0 
0 
0 
0 
0 
0 
0 
0 
0 
0 
0 
0 
0 
0 
0 
0 
0 
0 
0 
0 
0 
0 
0 
0 
0 
0 
0 
0 
0 
1 
0 
0 
0 
2 
0 
0 
0 
3 
1 
1 
1 
1 
1 
1 
0 
2 
1 
0 
0 
1 
0 
0 
0 
0 
1 
1 
0 
1 
0 
4 
0 
0 
168.5 
178 
168 
0 
0 
0 
0 
0 
0 
0 
0 
0 
0 
0 
0 
0 
0 
0 
0 
0 
0 
0 
0 
1 
1 
0 
1 
0 
1 
0 
0 
0 
0 
0 
0 
0 
1 
1 
0 
0 
2 
0 
0 
0 
0 
0 
0 
1 
0 
1 
0 
0 
1 
2 
1 
3 
0 
0 
0 
7 
0 
22 
32 
54 
69 
0 
0 
0 
0 
0 
0 
0 
0 
2 
0 
0 
0 
0 
0 
0 
0 
0 
0 
0 
0 
0 
0 
0 
0 
0 
0 
0 
1 
1 
0 
1 
1 
1 
1 
1 
0 
0 
0 
0 
0 
1 
0 
0 
2 
0 
1 
6 
3 
1 
3 
1 
0 
1 
0 
0 
0 
0 
0 
1 
1 
0 
1 
0 
1 
0 
1 
0 
0 
3 
0 
1 
0 
1120 
240 
2720 
760 
560 
240 
760 
480 
840 
480 
-1 
1 
1 
1 
1 
-1 
1 
0 
1 
0 
0 
0 
500 
2 
1 
0 
0 
0 
0 
0 
1 
0 
0 
0 
2 
1 
0 
0 
1 
0 
0 
3 
1 
0 
1 
1 
0 
0 
0 
0 
0 
0 
0 
0 
1 
1 
0 
0 
0 
0 
0 
0 
0 
0 
0 
0 
0 
0 
0 
0 
0 
0 
0 
0 
0 
0 
1 
0 
1 
0 
0 
0 
0 
0 
0 
0 
0 
0 
0 
0 
0 
0 
0 
0 
0 
0 
0 
0 
0 
0 
0 
0 
0 
0 
0 
0 
0 
0 
0 
0 
0 
0 
0 
0 
0 
0 
0 
0 
0 
0 
0 
0 
0 
0 
0 
0 
1 
0 
1 
1 
4 
0 
0 
0 
0 
6 
0 
0 
0 
0 
0 
0 
1 
0 
1 
0 
0 
0 
0 
4 
0 
0 
1 
2 
1 
1 
1 
1 
1 
0 
0 
0 
0 
0 
1 
1 
1 
1 
3550 
11 
0 
1 
9 
3 
1 
0 
0 
0 
1 
6 
1 
0 
0 
2 
0 
2 
1 
0 
0 
0 
0 
1 
1 
0 
0 
0 
0 
0 
1 
1 
0 
0 
1 
0 
0 
0 
0 
1 
1 
0 
0 
1 
0 
0 
1 
2 
4 
0 
1 
1 
0 
0 
0 
3 
1 
2 
0 
0 
0 
0 
0 
0 
0 
480 
216 
2 
1 
2 
0 
3 
0 
239 
4 
1 
0 
0 
4 
1 
1 
1 
0 
0 
0 
0 
0 
1 
1 
1 
1 
1 
0 
1 
0 
1 
1 
17 
0 
50 
2 
2 
0 
1 
2 
0 
0 
0 
1 
1 
0 
0 
0 
0 
0 
0 
0 
0 
0 
0 
0 
1 
1 
1 
1 
0 
0 
3 
0 
4 
4 
0 
2 
0 
0 
0 
0 
0 
0 
0 
1 
2 
1 
0 
2 
0 
0 
0 
1 
356 
2 
24760 
3 
0 
0 
1 
0 
1 
1 
1 
1 
1 
1 
1 
2 
1 
0 
0 
2 
1 
1 
2 
0 
0 
0 
0 
0 
1 
0 
0 
0 
0 
0 
1 
1 
0 
2 
0 
1 
1 
0 
1 
1 
1 
1 
0 
0 
1 
4 
2 
0 
0 
1 
0 
0 
0 
0 
2 
2 
0 
0 
173 
21 
5 
0 
0 
1 
1 
0 
0 
6 
0 
1 
1 
0 
0 
0 
0 
0 
0 
0 
0 
0 
0 
2 
0 
0 
0 
0 
0 
0 
0 
0 
0 
0 
0 
0 
0 
0 
0 
0 
0 
0 
0 
0 
0 
0 
0 
0 
0 
0 
0 
0 
0 
0 
0 
0 
0 
0 
0 
0 
0 
0 
0 
0 
0 
0 
0 
0 
0 
0 
0 
0 
0 
0 
0 
0 
0 
0 
0 
0 
0 
0 
0 
0 
0 
0 
0 
0 
0 
0 
0 
0 
0 
0 
0 
0 
0 
0 
0 
0 
0 
0 
0 
0 
0 
0 
0 
0 
0 
0 
0 
0 
0 
0 
0 
0 
0 
0 
0 
0 
0 
0 
0 
0 
0 
0 
0 
0 
0 
0 
0 
0 
0 
0 
0 
0 
0 
0 
0 
0 
0 
0 
0 
0 
0 
0 
0 
0 
0 
0 
0 
0 
0 
0 
0 
0 
0 
0 
0 
0 
0 
0 
0 
0 
0 
0 
0 
0 
0 
0 
0 
0 
0 
0 
0 
0 
0 
0 
0 
0 
0 
0 
0 
0 
0 
0 
0 
0 
0 
0 
0 
0 
0 
0 
0 
0 
0 
0 
0 
0 
0 
0 
0 
0 
0 
0 
0 
0 
0 
0 
0 
0 
0 
0 
0 
0 
0 
0 
0 
0 
0 
0 
0 
0 
0 
0 
0 
0 
0 
0 
0 
0 
0 
0 
0 
0 
0 
0 
0 
0 
0 
0 
0 
0 
0 
1 
2 
2 
1 
0 
1 
0 
0 
0 
0 
1 
1 
1 
1 
2 
1 
1 
0 
0 
1 
0 
1 
0 
0 
241 
407 
3 
0 
0 
1 
1 
1 
1 
2 
1 
0 
0 
1 
1 
1 
0 
0 
0 
0 
1 
1 
0 
1 
1 
1 
1 
0 
0 
0 
1 
1 
0 
1 
0 
0 
14 
0 
0 
0 
0 
0 
0 
1 
0 
1 
1 
0 
2 
9 
0 
0 
1 
1 
0 
19 
0 
0 
1 
0 
6.71073e+07 
34035 
1 
1 
0 
0 
1 
0 
0 
0 
0 
2 
0 
0 
0 
0 
1 
1 
1 
1 
0 
0 
0 
1 
0 
1 
1 
0 
1 
1 
0 
1 
1 
0 
0 
2 
1 
1 
0 
0 
0 
0 
0 
7 
0 
1 
0 
1 
1 
1 
0 
0 
0 
2 
0 
1 
0 
1 
0 
1 
0 
1 
1 
1 
1 
1 
0 
1 
1 
0 
1 
1 
0 
0 
1 
1 
1 
1 
0 
1 
1 
0 
0 
0 
0 
0 
0 
0 
0 
0 
0 
0 
0 
0 
0 
0 
0 
0 
0 
0 
0 
0 
0 
0 
1 
0 
1 
0 
1 
1 
6 
1 
1 
1 
0 
0 
0 
0 
1 
1 
0 
0 
0 
0 
0 
0 
0 
0 
0 
0 
0 
0 
0 
0 
0 
0 
0 
0 
0 
0 
0 
0 
0 
0 
0 
0 
0 
0 
0 
0 
0 
0 
0 
0 
0 
0 
0 
0 
0 
0 
0 
0 
0 
0 
0 
0 
0 
0 
0 
0 
0 
0 
0 
0 
0 
0 
0 
0 
0 
0 
0 
0 
0 
0 
0 
0 
0 
0 
0 
0 
0 
0 
0 
0 
0 
0 
2 
2 
3 
3 
2 
2 
2 
0 
2 
2 
0 
2 
2 
0 
0 
3 
2 
2 
3 
0 
0 
0 
0 
0 
0 
0 
0 
0 
0 
0 
0 
0 
0 
0 
0 
0 
0 
0 
0 
0 
0 
0 
0 
0 
0 
0 
0 
0 
0 
0 
0 
0 
0 
0 
0 
0 
0 
0 
0 
0 
0 
0 
0 
0 
0 
0 
0 
0 
0 
0 
0 
0 
0 
0 
0 
0 
0 
0 
0 
0 
0 
0 
0 
0 
0 
0 
0 
0 
0 
0 
0 
0 
0 
0 
0 
0 
0 
0 
0 
0 
0 
0 
0 
0 
0 
0 
0 
0 
0 
0 
0 
0 
0 
0 
0 
0 
0 
0 
0 
0 
0 
0 
0 
0 
0 
0 
0 
0 
0 
0 
0 
0 
0 
0 
0 
0 
0 
0 
0 
0 
0 
0 
0 
0 
0 
0 
0 
0 
0 
0 
0 
0 
0 
0 
0 
0 
0 
0 
0 
0 
0 
0 
0 
0 
0 
0 
0 
0 
0 
0 
0 
0 
0 
0 
0 
0 
0 
0 
0 
0 
0 
0 
0 
0 
0 
0 
0 
0 
0 
0 
0 
0 
0 
0 
0 
0 
0 
0 
0 
0 
0 
0 
0 
0 
0 
0 
0 
0 
0 
0 
0 
0 
0 
0 
0 
0 
0 
0 
0 
0 
0 
0 
0 
0 
0 
0 
0 
0 
0 
0 
0 
0 
0 
0 
0 
0 
0 
0 
0 
0 
0 
0 
0 
0 
0 
0 
0 
0 
0 
0 
0 
0 
0 
0 
0 
0 
0 
0 
0 
0 
0 
0 
0 
0 
0 
0 
0 
0 
0 
0 
0 
0 
0 
0 
0 
0 
0 
0 
0 
0 
0 
0 
0 
0 
0 
0 
0 
0 
0 
0 
0 
0 
0 
0 
0 
0 
0 
0 
0 
0 
0 
0 
0 
0 
0 
0 
0 
0 
0 
0 
0 
0 
0 
0 
0 
0 
0 
0 
0 
0 
0 
0 
0 
0 
0 
0 
0 
0 
0 
0 
0 
0 
0 
0 
0 
0 
0 
0 
0 
0 
0 
0 
0 
0 
0 
0 
0 
0 
0 
0 
0 
0 
0 
0 
0 
0 
0 
0 
0 
0 
0 
0 
0 
0 
0 
0 
0 
0 
0 
0 
0 
0 
0 
0 
0 
0 
0 
0 
0 
0 
0 
0 
0 
0 
0 
0 
0 
0 
0 
0 
0 
0 
0 
0 
0 
0 
0 
0 
0 
0 
0 
0 
0 
0 
0 
0 
0 
0 
0 
0 
0 
0 
0 
0 
0 
0 
0 
0 
0 
0 
0 
0 
0 
0 
0 
0 
0 
0 
0 
0 
0 
0 
0 
0 
0 
0 
0 
0 
0 
0 
0 
0 
0 
0 
0 
0 
0 
0 
0 
0 
0 
0 
0 
0 
0 
0 
0 
0 
0 
0 
0 
0 
0 
0 
0 
0 
0 
0 
0 
0 
0 
0 
0 
0 
0 
0 
0 
0 
0 
0 
0 
0 
0 
0 
0 
0 
0 
0 
0 
0 
0 
0 
0 
0 
0 
0 
0 
0 
0 
0 
0 
0 
0 
0 
0 
0 
0 
0 
0 
0 
0 
0 
0 
0 
0 
0 
0 
0 
0 
0 
0 
0 
0 
0 
0 
0 
0 
0 
0 
0 
0 
0 
0 
0 
0 
0 
0 
0 
0 
0 
0 
0 
0 
0 
0 
0 
0 
0 
0 
0 
0 
0 
0 
0 
0 
0 
0 
0 
0 
0 
0 
0 
0 
0 
0 
0 
0 
0 
0 
0 
0 
0 
0 
0 
0 
0 
0 
0 
0 
0 
0 
0 
0 
0 
0 
0 
0 
0 
0 
0 
0 
0 
0 
0 
0 
0 
0 
0 
0 
0 
0 
0 
0 
0 
0 
0 
0 
0 
0 
0 
0 
0 
0 
0 
0 
0 
0 
0 
0 
0 
0 
0 
0 
0 
0 
0 
0 
0 
0 
0 
0 
0 
0 
0 
0 
0 
0 
0 
0 
0 
0 
0 
0 
0 
0 
0 
0 
0 
0 
0 
0 
0 
0 
0 
0 
0 
0 
0 
0 
0 
0 
0 
0 
0 
0 
0 
0 
0 
0 
0 
0 
0 
0 
0 
0 
0 
0 
0 
0 
0 
0 
0 
0 
0 
0 
0 
0 
0 
0 
0 
0 
0 
0 
0 
0 
0 
0 
0 
0 
0 
0 
0 
0 
0 
0 
0 
0 
0 
0 
0 
0 
0 
0 
0 
0 
0 
0 
0 
0 
0 
249 
40300 
1.3952e+06 
